SAMPLE INPUT 1:
3 1 1
1
3
SAMPLE OUTPUT 1:
3

SAMPLE INPUT 2:
4 2 2
2 3
1 4
SAMPLE OUTPUT 2:
4

SAMPLE INPUT 3:
8 2 2
1 8
5 4
SAMPLE OUTPUT 3:
5

SAMPLE INPUT 4:
13 5 6
6 4 2 7 5
13 1 6 9 4 2
SAMPLE OUTPUT 4:
11

SAMPLE INPUT 5:
67 16 14
12 53 32 18 11 48 17 63 7 54 20 4 6 8 14 56
66 32 38 16 8 40 19 52 53 12 21 51 22 18
SAMPLE OUTPUT 5:
25

SAMPLE INPUT 6:
139 50 56
8 121 112 9 28 84 82 129 31 91 138 25 59 89 52 36 33 110 54 37 79 109 55 16 96 26 93 101 76 104 113 139 118 47 63 128 123 15 136 132 44 70 49 86 11 23 22 39 69 68
86 33 92 19 125 41 14 60 75 135 50 61 57 28 104 43 129 128 83 48 133 65 45 114 55 11 58 97 17 42 91 138 34 127 2 35 103 49 18 118 111 74 101 124 113 47 70 52 5 139 69 93 13 29 40 12
SAMPLE OUTPUT 6:
73

SAMPLE INPUT 7:
201 184 74
131 94 181 99 138 193 17 145 161 165 25 107 36 142 171 110 188 97 154 28 173 60 183 53 71 13 43 184 5 168 73 139 106 91 18 93 192 163 29 120 62 21 96 78 149 87 81 84 47 80 167 31 14 124 151 178 162 147 101 105 123 30 113 41 121 38 72 12 68 117 129 130 46 166 35 104 74 116 108 158 44 180 100 122 182 66 136 52 55 23 194 2 42 102 160 172 50 156 51 103 195 48 8 10 137 152 98 15 143 127 176 75 89 24 70 189 144 135 76 115 77 32 164 170 153 82 196 86 20 33 85 169 83 159 57 199 174 64 134 109 95 140 191 79 67 179 197 150 37 58 119 186 27 88 111 59 4 146 1 26 34 22 201 7 16 114 65 177 63 9 19 69 157 45 49 190 112 148 118 132 133 56 61 187
201 146 116 189 159 71 10 21 41 35 38 106 95 7 43 135 193 175 117 186 185 93 194 191 3 176 196 5 148 177 45 11 144 152 72 187 147 182 14 51 138 94 183 114 64 47 76 198 174 49 123 20 179 118 97 34 86 2 105 75 98 134 178 190 80 92 81 112 9 110 87 107 17 160
SAMPLE OUTPUT 7:
75

SAMPLE INPUT 8:
399 197 90
319 348 155 143 160 147 165 3 91 323 58 179 9 57 309 258 332 59 196 194 110 379 158 19 238 21 305 30 355 339 259 252 88 233 245 137 135 17 236 125 7 247 78 124 69 394 311 15 276 67 266 335 157 146 28 87 269 248 39 268 142 224 74 227 301 326 280 206 112 308 24 111 290 396 82 13 398 369 230 73 72 99 171 350 22 303 362 220 246 214 81 153 231 306 232 144 325 217 283 49 31 315 304 84 47 302 185 384 86 164 120 297 363 187 166 116 317 186 318 286 212 136 288 223 382 294 287 347 260 79 209 356 345 391 210 310 383 131 284 397 381 95 254 8 291 103 395 299 113 94 393 150 48 32 239 373 195 34 18 11 2 43 174 114 215 132 235 46 41 182 278 264 334 378 328 300 267 64 193 261 340 122 85 342 152 207 368 341 16 273 126 181 117 60 241 274 51
345 394 138 111 98 191 254 251 180 205 137 172 243 331 306 94 311 288 294 328 253 2 303 333 176 112 10 140 88 81 295 291 124 203 58 146 101 48 14 365 47 301 376 107 18 350 255 245 347 395 25 399 280 273 65 165 310 219 96 267 171 136 357 276 197 248 237 117 247 340 249 309 187 67 156 129 262 298 261 102 164 367 145 356 393 308 5 45 396 392
SAMPLE OUTPUT 8:
126
