Test #1:
104 5 79
82 5 94 47 21
51 70 21 11 1 31 9 93 76 65 38 92 20 81 45 32 63 2 23 55 40 64 4 73 97 84 42 83 90 43 18 100 27 52 50 15 85 5 94 96 54 79 25 36 102 34 89 17 69 26 77 80 12 67 14 47 62 103 101 74 29 41 60 87 19 16 3 24 6 7 61 44 95 88 72 28 78 48 75

Test #2:
102 69 17
84 6 2 54 24 99 29 35 56 12 27 26 7 93 46 32 64 37 75 4 71 81 68 48 49 92 96 94 23 11 97 9 86 14 50 15 69 38 91 13 65 5 34 36 85 40 30 83 60 59 77 101 41 8 66 76 28 90 25 89 53 18 43 74 72 62 61 70 17
86 55 94 54 82 31 69 68 62 20 10 48 93 76 56 59 50

Test #3:
105 41 58
38 30 92 77 36 28 85 14 89 17 57 82 13 97 1 68 55 42 49 62 27 84 26 18 100 16 71 91 102 3 78 53 31 64 81 48 11 33 29 90 20
80 22 10 5 59 37 63 104 87 73 88 83 17 96 39 50 51 92 1 44 52 102 58 100 9 53 67 43 3 60 97 25 76 24 30 48 27 77 49 23 95 28 85 62 15 35 12 72 55 99 78 79 11 105 57 45 68 13

Test #4:
104 104 31
59 19 36 76 78 96 3 81 61 85 10 48 103 14 100 87 35 29 67 80 43 65 68 70 15 30 26 69 21 60 62 74 20 88 4 5 91 9 49 77 18 7 71 47 64 39 95 28 53 82 89 92 93 72 83 79 31 56 2 16 8 58 50 12 37 45 32 94 55 75 22 102 23 63 73 40 54 44 11 25 86 66 97 34 13 52 98 41 51 24 38 1 6 84 99 90 101 104 17 27 33 57 46 42
58 94 71 30 92 4 75 29 87 96 24 49 83 68 91 44 54 17 73 76 46 41 103 33 97 101 25 34 53 26 16

Test #5:
107 27 102
40 56 12 54 87 65 96 1 81 97 16 36 33 24 51 82 66 67 75 93 46 15 17 41 19 102 32
8 97 67 73 14 57 16 86 50 89 18 27 26 33 92 35 96 78 53 60 5 12 6 51 46 107 59 23 87 66 82 2 15 13 91 83 93 100 103 37 88 74 11 45 98 85 101 19 104 65 3 32 72 95 106 79 61 84 81 29 68 75 102 43 63 36 56 94 77 31 52 80 28 49 40 48 99 58 76 20 41 71 10 1 39 70 69 9 34 44 38 47 62 42 30 25 54 7 24 21 22 64

Test #6:
106 79 26
86 42 98 96 78 91 38 67 16 87 70 25 73 29 41 32 57 35 6 68 17 100 15 105 31 27 71 44 99 7 79 48 18 55 89 60 28 97 20 77 103 90 9 26 61 104 2 5 62 63 81 102 106 84 46 34 45 51 69 39 21 49 10 101 40 14 33 30 92 4 75 37 11 64 47 59 13 66 82
74 101 22 88 73 99 41 10 30 35 68 104 1 85 89 40 71 96 57 76 17 27 95 48 37 103

Test #7:
109 108 87
61 1 32 17 40 57 55 23 106 54 82 8 100 44 9 101 59 84 94 49 92 34 35 33 16 48 31 26 60 45 3 38 50 105 87 36 43 96 75 4 79 47 85 13 29 14 37 80 81 67 56 97 24 27 91 58 53 77 52 88 7 107 15 90 71 109 70 64 2 18 10 46 12 25 76 78 62 22 39 19 66 95 63 11 73 99 108 74 5 103 98 28 104 6 21 86 30 102 72 68 83 20 41 42 51 65 93 89
8 33 107 72 35 37 41 7 32 103 34 79 15 18 25 6 59 94 76 58 106 52 50 23 48 83 90 53 102 31 5 85 36 77 61 78 108 21 12 54 56 80 74 64 14 75 96 3 39 43 100 17 60 2 16 87 20 62 55 65 63 38 4 92 73 49 88 98 42 1 11 51 40 70 99 68 66 28 93 91 71 101 109 24 30 67 27

Test #8:
108 103 81
81 5 44 53 30 93 76 97 59 98 10 74 95 27 90 46 35 11 94 19 70 77 32 80 40 48 7 58 24 39 26 31 36 45 2 33 103 88 41 25 92 86 104 37 12 20 49 63 78 4 69 73 22 105 87 61 42 43 23 72 85 84 64 68 83 89 28 8 34 60 100 1 108 101 91 47 15 107 3 50 99 66 52 62 16 38 13 17 14 79 71 9 102 65 54 6 51 67 29 82 55 106 18
56 45 25 72 33 10 87 76 52 31 73 79 92 94 23 42 21 57 41 39 67 46 81 107 18 62 13 9 93 19 27 85 69 78 34 63 5 83 98 84 2 3 40 89 16 12 65 75 24 91 105 49 61 96 51 103 59 100 7 14 88 28 97 104 43 30 101 108 15 99 4 50 66 54 8 53 74 44 102 37 71
