Test #1:
19 9 10
5 2 18 16 9 12 17 15 6
5 19 2 6 16 14 7 17 15 9

Test #2:
14 4 14
2 6 1 12
8 2 7 14 13 5 12 10 11 4 1 3 9 6

Test #3:
10 9 7
1 5 10 4 8 2 9 3 7
7 10 6 1 2 4 8

Test #4:
16 3 14
7 14 2
16 6 15 4 13 2 1 12 10 3 8 14 9 7

Test #5:
19 5 17
14 6 13 5 4
3 10 1 13 6 14 8 17 11 5 7 12 19 4 18 16 2

Test #6:
12 6 1
4 5 8 12 10 3
10

Test #7:
18 18 15
6 10 7 18 12 14 3 11 4 1 17 2 9 15 8 5 16 13
15 2 14 3 8 6 17 1 7 11 10 5 18 9 13

Test #8:
14 12 8
14 13 11 1 3 4 7 9 8 6 2 5
8 6 2 12 9 11 7 13
