Test #1:
507 20 111
271 378 392 175 439 283 302 177 277 184 278 75 73 142 339 313 127 134 490 160
211 140 325 207 170 36 264 68 433 169 452 89 172 357 400 69 93 316 376 499 354 259 414 377 309 471 263 107 383 274 108 297 335 501 2 210 466 182 333 295 158 245 157 468 505 479 440 403 262 473 242 281 279 197 113 285 85 282 82 454 34 201 139 159 62 209 50 227 138 80 154 168 437 4 304 165 45 432 42 236 418 334 136 251 348 132 491 110 148 52 346 435 212 372 397 413 214 496 302 438 415 270 208 234 41 102 502 38 37 56 425

Test #2:
506 8 315
70 200 74 248 134 481 196 480
241 309 117 436 50 505 427 7 266 200 486 296 415 98 358 326 420 222 237 297 393 390 151 160 133 126 31 279 331 268 278 227 94 104 2 250 368 52 141 4 501 481 289 72 131 134 363 221 463 350 135 213 476 39 122 229 369 175 418 101 492 173 339 488 91 112 317 25 394 45 460 5 437 400 346 406 374 71 114 76 115 305 299 198 321 146 315 478 8 249 62 130 332 169 286 102 473 179 88 288 42 149 462 132 90 12 357 252 503 109 167 264 29 434 125 154 316 119 443 85 185 280 285 259 426 184 290 232 320 502 319 283 482 336 253 118 54 391 402 480 228 220 382 195 137 14 318 376 322 291 238 408 395 312 116 46 261 338 27 140 51 413 298 162 240 244 409 10 211 150 384 245 328 15 496 355 275 371 6 281 306 301 424 497 421 352 260 348 121 145 284 210 483 182 504 248 139 495 180 87 28 181 194 457 388 217 432 100 84 405 161 383 373 82 300 95 466 403 490 78 273 410 22 310 86 41 110 435 337 313 479 381 206 386 234 142 267 469 314 389 11 188 407 439 239 256 113 93 172 107 454 378 425 13 18 417 57 35 263 233 205 178 32 377 1 138 465 361 464 442 70 467 494 196 396 207 500 453 397 294 423 43 23 311 193 493 422 191 127 379 96 450 92 404 236 73 75 448 38 367 444 60 99 225 201 108 103 356 124 16 105 230 323 189 216

Test #3:
509 188 356
284 398 369 478 497 227 111 378 46 292 174 460 429 391 455 445 181 418 491 203 309 244 321 215 269 257 415 353 389 258 9 500 60 76 235 288 278 151 361 300 413 506 206 496 7 202 265 82 20 86 366 405 226 323 149 417 31 26 130 466 414 355 437 502 408 448 509 212 103 155 159 486 465 354 193 135 99 454 338 316 160 223 426 508 65 281 144 443 43 217 145 238 157 225 282 488 214 85 79 205 67 308 71 360 83 41 59 196 122 94 40 233 115 126 152 182 275 123 268 490 484 91 190 169 315 254 476 401 505 474 279 17 105 412 63 117 146 475 287 191 440 197 318 247 199 166 363 384 224 33 274 402 291 388 16 89 293 367 189 119 12 14 348 162 245 385 335 372 210 192 446 68 260 379 339 277 392 45 359 319 18 432 393 271 4 487 250 142
324 283 423 60 356 48 371 431 395 70 144 408 127 360 3 92 148 376 160 192 193 454 17 105 212 245 269 316 156 158 96 451 47 293 329 504 9 124 500 101 78 462 149 325 498 88 317 288 287 86 280 8 181 414 244 401 479 81 328 438 80 139 400 407 203 499 123 125 53 445 501 319 214 77 363 471 415 290 367 63 447 173 327 263 350 509 502 506 419 379 16 67 240 478 242 358 219 172 113 230 83 323 2 491 422 274 457 296 426 339 21 297 36 228 41 397 138 143 410 318 130 59 6 369 239 439 145 35 95 151 428 30 102 314 389 466 361 487 432 298 58 201 442 177 188 205 135 157 218 474 147 34 417 271 300 403 392 477 368 276 262 200 117 467 390 141 372 425 388 79 24 427 261 131 347 194 436 334 294 93 25 51 435 223 74 322 222 279 459 362 26 340 383 28 246 394 13 303 224 302 66 38 20 250 196 489 29 110 470 472 140 285 54 62 332 253 198 142 357 27 108 421 333 452 61 57 72 483 49 354 313 115 374 134 295 284 98 345 496 464 234 338 55 184 23 243 146 391 326 497 175 505 182 231 167 488 377 162 43 387 411 321 5 312 373 320 404 199 465 446 399 170 405 440 251 270 210 174 492 463 50 166 337 272 305 342 484 209 155 221 178 310 202 73 444 430 346 132 448 168 236 343 365 260 153 111 336 215 213 461 292 424 476 37 380 495 351 229 335 227 100 1 508 136 165 119 71 315 490 507 344 364 197 386 429 89 103 450 122 248 56 460 126 217 169 453 176 112 76 189 413 133 7 307 179 259

Test #4:
505 459 193
267 328 201 385 380 254 426 392 66 153 22 222 53 250 369 210 306 95 433 387 196 320 318 295 59 112 187 452 220 147 313 269 15 346 341 103 39 444 60 126 260 125 293 116 109 127 62 451 118 384 65 474 294 331 160 111 467 479 495 108 192 132 94 123 449 434 297 229 247 57 180 7 457 505 181 200 271 275 78 72 128 89 31 447 182 79 13 330 199 163 337 82 288 499 477 81 446 169 349 6 462 492 85 56 282 367 234 189 10 359 421 207 114 487 408 5 315 286 47 156 84 342 239 206 326 139 197 211 146 276 365 92 460 464 32 218 155 183 148 334 259 223 348 212 314 417 18 309 494 195 344 33 360 83 14 2 232 167 44 176 193 110 480 403 292 93 454 45 321 235 471 40 266 262 34 243 307 175 8 381 99 50 143 443 419 224 500 356 157 161 240 24 465 152 375 20 214 145 154 482 428 113 412 427 483 280 106 101 377 36 317 504 493 364 435 486 129 221 274 396 27 186 401 354 165 284 63 368 164 228 173 402 382 124 429 135 46 76 80 142 249 355 191 393 373 399 120 17 374 323 216 194 490 372 261 107 400 51 303 394 329 231 217 130 450 322 251 213 391 319 379 205 96 325 91 140 9 456 466 376 43 233 184 453 185 158 203 100 496 88 52 461 177 501 225 468 410 448 350 55 437 188 281 333 459 71 439 174 21 87 204 438 48 431 37 418 102 311 357 264 30 170 277 26 28 481 202 366 11 12 86 1 136 327 230 90 97 29 378 166 131 133 237 470 168 463 248 172 485 411 440 238 491 441 256 227 296 151 478 398 458 255 289 241 68 70 388 144 343 119 424 98 304 423 358 42 362 208 242 179 406 475 409 305 298 35 253 351 301 497 263 138 64 324 49 383 414 415 162 332 404 3 420 300 310 488 425 503 353 345 16 134 219 252 58 336 476 283 340 273 150 436 347 473 4 312 38 370 335 141 469 215 115 361 405 190 236 397 159 104 472 339 73 302 291 122 265 299 268 363 23 407 117 272 442 75 209 445 413
175 103 128 253 323 225 58 83 393 80 65 469 149 487 113 314 275 243 454 166 196 494 478 232 10 322 96 444 51 250 121 136 450 302 394 156 91 112 452 473 415 151 349 146 244 206 21 299 124 390 420 150 257 260 279 303 413 115 273 490 57 298 474 16 158 334 391 370 238 192 79 404 35 365 417 396 353 351 367 200 127 386 416 377 1 213 295 488 500 102 300 221 371 25 467 439 301 345 477 278 412 292 373 171 503 248 201 52 78 168 266 38 372 138 50 263 88 406 251 183 45 271 46 357 162 104 282 125 95 167 306 204 468 328 463 189 407 33 70 207 325 475 77 333 218 230 109 114 130 17 342 217 240 366 276 432 419 482 197 231 317 350 107 449 134 133 285 19 234 363 216 76 40 247 428 99 283 329 3 154 144 66 187 470 262 203 159 101 131 423 108 453 220

Test #5:
507 423 373
364 159 25 192 224 504 486 344 418 83 86 186 400 265 469 229 500 209 321 256 171 32 34 7 443 118 242 156 357 253 394 137 336 239 412 19 426 334 140 36 295 152 13 77 378 12 173 451 467 323 190 56 367 8 247 395 134 46 91 185 420 396 121 30 108 376 434 100 170 246 392 11 342 313 70 444 471 402 484 272 5 148 106 449 478 280 52 409 162 110 201 172 55 404 416 355 487 258 374 84 211 136 435 311 490 142 58 203 481 15 245 42 283 89 14 182 250 275 477 424 314 27 97 459 166 461 79 197 72 181 176 183 158 458 141 343 216 403 433 196 262 501 226 506 237 356 85 291 470 127 312 62 296 18 350 17 308 9 382 21 113 180 115 263 324 390 290 206 20 122 503 4 457 338 317 365 302 492 214 174 393 398 489 227 112 442 53 68 277 168 243 406 309 39 440 101 94 221 341 464 327 441 488 87 143 453 473 454 380 223 310 151 259 236 270 432 24 286 29 202 385 75 33 448 419 41 138 240 502 261 49 164 446 326 150 493 153 35 95 69 6 371 316 59 387 325 16 335 48 193 407 428 386 300 417 425 505 438 319 307 450 102 408 368 466 22 213 370 264 496 257 339 157 215 372 413 65 483 269 293 254 187 178 255 125 479 252 405 465 498 82 149 80 76 130 320 414 351 322 268 480 360 445 147 3 289 26 497 217 38 331 287 456 194 109 485 133 230 119 219 128 244 366 294 383 207 410 267 228 379 177 475 352 160 421 274 422 397 107 167 249 349 43 315 57 71 388 266 179 345 225 31 241 88 2 126 212 51 436 195 415 282 278 348 303 353 50 430 384 104 60 145 78 462 40 66 276 218 439 114 1 155 233 273 460 175 200 67 146 455 238 463 472 297 468 447 96 476 92 169 129 337 199 131 124 482 232 191 306 423 495 354 23 305 208 99 189 37 63 139 304 381 161
213 78 480 327 441 110 12 506 315 402 339 211 232 37 452 1 218 475 58 320 62 139 447 72 67 408 365 371 134 301 40 420 470 499 236 123 117 4 385 209 478 226 372 171 487 346 98 147 433 250 416 308 436 368 18 194 403 108 297 86 173 158 337 282 391 248 243 159 47 16 457 10 43 175 404 247 296 239 428 435 331 384 451 415 160 278 104 172 359 495 183 150 168 90 303 200 453 504 60 485 193 103 212 35 64 284 182 217 498 13 494 326 382 71 377 76 24 204 319 151 205 27 305 113 355 409 36 269 423 266 289 228 152 265 419 353 442 272 246 334 285 311 429 465 344 21 80 114 42 192 477 479 23 437 69 156 378 322 128 286 121 370 146 472 148 460 177 373 454 109 215 181 338 471 358 100 233 259 252 350 397 202 459 219 273 304 342 400 126 493 190 281 295 165 407 144 323 410 483 490 28 210 91 135 357 32 242 264 422 464 444 70 333 129 489 223 497 111 500 361 427 258 379 255 19 290 89 476 354 26 8 145 458 352 88 432 46 351 467 189 25 341 2 197 17 330 450 224 225 398 48 41 261 127 253 143 125 418 39 496 44 321 96 216 336 456 445 275 387 274 240 462 507 140 195 375 187 412 170 53 481 22 310 167 131 363 220 115 14 188 75 482 390 340 325 97 66 81 124 468 138 271 149 280 137 502 132 349 102 179 56 208 15 396 244 118 268 238 38 356 294 426 141 376 345 162 9 61 347 293 389 116 288 51 307 283 245 491 142 474 174 107 198 263 313 324 184 438 492 348 463 235 312 329 257 101 328 30 169 406 55 469 229 130 11 309 164 65 298 276 394 332 136

Test #6:
507 360 390
296 280 369 211 400 7 170 91 440 56 6 292 375 298 308 77 52 40 131 50 238 460 147 157 22 116 463 358 473 37 422 66 160 65 332 471 406 359 420 201 366 155 284 4 436 222 456 161 145 82 465 194 113 104 412 449 43 195 304 478 493 270 41 302 432 269 451 248 428 387 207 181 93 111 495 24 217 210 230 415 174 119 330 233 137 138 62 115 139 3 286 26 246 319 199 356 81 249 496 80 458 421 450 149 480 120 404 352 15 278 433 303 462 252 274 239 129 318 376 128 326 490 414 325 410 124 143 208 100 108 498 437 503 102 148 378 291 34 443 202 67 391 320 154 241 293 27 204 314 383 107 348 95 156 445 439 140 377 232 63 88 413 48 317 393 283 475 355 51 253 390 133 47 295 370 70 164 468 61 73 466 482 263 76 10 153 259 226 363 321 426 257 179 316 165 171 243 87 32 74 461 394 200 185 381 234 30 9 13 419 507 86 78 483 135 186 126 152 8 205 485 464 337 198 368 305 42 279 125 261 146 360 130 469 245 501 75 20 54 290 262 122 182 294 331 267 260 306 487 68 114 127 324 236 425 268 384 31 386 106 367 335 434 297 132 19 398 423 235 282 409 405 11 494 172 229 476 25 168 17 481 183 427 285 192 453 136 79 457 251 21 350 216 178 212 167 435 329 289 97 109 225 58 479 486 206 273 121 191 162 506 310 175 281 35 272 288 227 300 344 346 396 499 374 362 193 256 459 382 36 397 447 64 90 45 275 92 430 438 144 240 341 395 72 351 399 418 99 123 424 57 254 429 250 180 444 474 110 219 500
16 89 207 465 6 326 315 467 432 503 33 359 239 81 346 247 347 231 494 178 396 101 147 69 53 243 397 335 246 106 51 332 286 267 504 406 270 469 159 483 356 269 380 62 312 311 495 149 378 58 466 373 209 82 72 146 194 7 46 232 70 490 496 395 229 112 285 255 1 287 341 103 427 123 367 202 154 160 236 391 145 90 265 3 399 100 124 478 264 158 402 29 128 61 253 165 327 249 459 195 65 45 282 175 215 441 330 369 309 84 211 440 252 283 463 342 398 477 308 142 156 288 122 235 297 176 453 113 50 60 374 205 212 184 214 140 361 132 475 336 131 157 240 137 4 339 497 404 417 196 144 388 256 118 114 225 179 428 289 136 193 334 22 206 121 21 430 498 410 172 390 254 421 319 151 492 479 455 244 414 107 248 433 274 442 139 18 470 302 408 20 409 394 233 468 66 79 462 365 321 349 276 150 47 372 331 223 80 111 75 357 83 325 67 322 32 354 313 271 382 199 251 27 316 507 407 97 15 387 447 210 461 294 125 363 245 162 222 299 259 126 471 10 393 400 102 473 431 148 30 305 76 272 434 19 310 198 170 40 499 301 340 353 220 358 49 130 343 303 39 169 163 153 36 338 13 476 109 44 290 88 485 174 405 200 403 226 25 419 348 324 273 261 292 413 277 486 411 384 480 2 472 191 85 219 204 183 216 115 213 166 484 201 35 448 328 445 500 167 91 56 436 38 482 306 105 379 298 182 371 181 437 228 263 456 177 197 337 42 98 48 360 161 296 59 143 449 439 23 250 333 368 381 307 280 185 392 318 119 208 370 460 425 95 117 314 94 186 92 383 257 412 489 493 52 389 351 426 355 141 87 129 260 237 366 99 14 190 266 502

Test #7:
509 54 90
366 442 288 188 97 211 433 126 413 464 124 379 447 67 200 204 197 274 123 152 216 490 108 506 258 420 223 382 245 403 85 16 71 15 325 439 235 36 347 173 505 194 239 198 399 289 313 419 134 192 127 279 80 70
454 24 189 339 319 499 232 360 59 382 52 254 287 288 463 277 283 434 146 300 190 396 45 134 110 399 256 452 246 248 477 455 468 447 158 290 170 245 265 373 338 30 362 427 289 274 501 271 488 97 411 226 383 347 76 380 335 307 486 125 121 116 279 445 224 286 315 40 377 8 456 241 237 436 318 164 326 393 459 333 366 479 225 439 242 349 497 352 404 138

Test #8:
505 335 220
80 449 382 365 332 63 464 154 72 208 419 204 64 309 1 202 87 416 188 473 237 32 389 478 26 253 353 75 203 209 187 140 141 15 494 408 113 106 31 163 352 268 372 313 440 369 395 472 462 346 238 214 43 400 490 423 499 430 198 255 53 426 485 324 115 189 437 297 130 170 137 150 356 328 190 298 370 250 254 411 158 2 295 211 294 377 471 315 304 279 305 66 503 180 40 425 179 134 502 223 488 103 335 102 361 383 317 321 84 171 123 424 492 290 497 178 350 152 109 299 316 10 52 51 219 236 247 308 280 481 39 406 302 41 307 505 45 303 30 217 14 151 148 98 276 435 431 394 329 165 70 446 79 136 133 161 234 360 355 96 135 420 375 333 28 205 292 504 407 42 126 131 427 118 476 12 6 61 380 11 18 421 405 173 263 67 378 264 139 433 77 57 94 325 122 29 330 272 459 132 454 314 458 99 474 216 339 467 501 447 343 415 105 368 218 47 144 74 414 393 357 386 169 138 498 451 461 258 453 212 142 200 434 7 164 76 391 256 287 69 195 266 48 199 367 21 413 483 82 225 404 55 120 376 496 145 210 362 296 326 480 466 283 25 364 347 475 86 119 88 450 371 222 385 285 445 19 46 176 320 322 374 465 191 319 260 477 8 68 469 111 201 147 288 127 146 282 233 242 95 334 5 341 54 27 417 221 363 37 318 186 60 412 177 429 206 155 59 153 89 349 390 194 337 438 175 9 401 284 311 83 331 183 38 399
466 246 143 205 194 163 351 262 230 478 54 342 259 136 68 327 370 62 188 154 493 112 124 83 376 78 440 476 477 358 182 472 99 140 65 307 336 368 432 405 120 360 190 216 390 119 191 234 374 373 409 300 420 299 172 63 175 72 403 337 323 241 107 208 250 474 105 232 479 473 16 385 113 23 325 244 289 313 209 13 21 310 428 426 81 49 328 395 492 280 462 223 213 475 220 128 122 180 53 15 186 85 357 45 242 366 451 322 302 339 364 87 441 333 306 92 444 352 480 346 184 33 165 88 179 24 167 14 399 227 398 411 421 329 247 91 67 178 449 331 285 248 169 433 40 450 448 69 249 504 8 404 51 375 491 295 29 181 76 334 335 490 438 148 343 378 77 494 59 388 131 245 419 463 284 355 283 416 298 461 287 114 350 109 89 239 164 32 381 256 110 413 406 439 392 158 294 129 231 125 207 121 359 94 273 386 219 464 417 354 445 48 267 61 496 166 203 233 467 427
